10
0 82 3 59 24 57 79 41 61 39 
82 0 82 46 26 94 27 23 84 49 
3 82 0 60 33 69 79 18 85 84 
59 46 60 0 24 27 26 60 7 13 
24 26 33 24 0 64 15 84 16 49 
57 94 69 27 64 0 91 79 52 55 
79 27 79 26 15 91 0 30 32 44 
41 23 18 60 84 79 30 0 12 39 
61 84 85 7 16 52 32 12 0 72 
39 49 84 13 49 55 44 39 72 0 
