15
0 82 3 59 24 57 79 41 61 39 82 46 26 94 27 
82 0 23 84 49 60 33 69 79 18 85 84 24 27 26 
3 23 0 60 7 13 64 15 84 16 49 91 79 52 55 
59 84 60 0 30 32 44 12 39 72 34 80 57 85 80 
24 49 7 30 0 61 19 13 18 63 60 72 6 3 40 
57 60 13 32 61 0 99 72 22 99 71 42 81 26 63 
79 33 64 44 19 99 0 86 39 87 53 41 21 52 59 
41 69 15 12 13 72 86 0 20 77 48 77 65 67 65 
61 79 84 39 18 22 39 20 0 13 13 8 48 67 39 
39 18 16 72 63 99 87 77 13 0 19 73 2 11 84 
82 85 49 34 60 71 53 48 13 19 0 94 91 52 95 
46 84 91 80 72 42 41 77 8 73 94 0 28 97 79 
26 24 79 57 6 81 21 65 48 2 91 28 0 30 21 
94 27 52 85 3 26 52 67 67 11 52 97 30 0 33 
27 26 55 80 40 63 59 65 39 84 95 79 21 33 0 
