25
0 82 3 59 24 57 79 41 61 39 82 46 26 94 27 23 84 49 60 33 69 79 18 85 84 
82 0 24 27 26 60 7 13 64 15 84 16 49 91 79 52 55 30 32 44 12 39 72 34 80 
3 24 0 57 85 80 61 19 13 18 63 60 72 6 3 40 99 72 22 99 71 42 81 26 63 
59 27 57 0 86 39 87 53 41 21 52 59 20 77 48 77 65 67 65 13 13 8 48 67 39 
24 26 85 86 0 19 73 2 11 84 94 91 52 95 28 97 79 30 21 33 73 58 72 66 79 
57 60 80 39 19 0 7 40 63 7 6 42 75 9 23 61 5 99 23 80 54 51 59 27 60 
79 7 61 87 73 7 0 91 90 62 17 13 35 63 31 47 99 28 53 17 2 0 73 97 23 
41 13 19 53 2 40 91 0 74 43 68 25 86 83 26 18 5 6 22 67 35 31 3 54 83 
61 64 13 41 11 63 90 74 0 7 57 72 89 77 73 75 82 64 62 65 69 41 37 17 49 
39 15 18 21 84 7 62 43 7 0 9 32 29 56 91 96 33 54 26 48 99 97 46 4 36 
82 84 63 52 94 6 17 68 57 9 0 79 3 35 62 56 98 93 43 57 91 32 76 33 94 
46 16 60 59 91 42 13 25 72 32 79 0 89 81 88 82 70 64 46 90 89 52 1 30 39 
26 49 72 20 52 75 35 86 89 29 3 89 0 56 41 22 77 4 30 85 23 3 95 85 24 
94 91 6 77 95 9 63 83 77 56 35 81 56 0 18 2 74 94 56 59 32 90 63 98 52 
27 79 3 48 28 23 31 26 73 91 62 88 41 18 0 33 65 48 72 56 18 41 50 21 10 
23 52 40 77 97 61 47 18 75 96 56 82 22 2 33 0 3 3 12 53 13 90 17 67 86 
84 55 99 65 79 5 99 5 82 33 98 70 77 74 65 3 0 96 50 69 96 37 3 33 24 
49 30 72 67 30 99 28 6 64 54 93 64 4 94 48 3 96 0 47 48 70 88 60 95 6 
60 32 22 65 21 23 53 22 62 26 43 46 30 56 72 12 50 47 0 26 62 82 32 67 2 
33 44 99 13 33 80 17 67 65 48 57 90 85 59 56 53 69 48 26 0 43 43 68 70 31 
69 12 71 13 73 54 2 35 69 99 91 89 23 32 18 13 96 70 62 43 0 36 95 60 96 
79 39 42 8 58 51 0 31 41 97 32 52 3 90 41 90 37 88 82 43 36 0 65 49 22 
18 72 81 48 72 59 73 3 37 46 76 1 95 63 50 17 3 60 32 68 95 65 0 27 59 
85 34 26 67 66 27 97 54 17 4 33 30 85 98 21 67 33 95 67 70 60 49 27 0 11 
84 80 63 39 79 60 23 83 49 36 94 39 24 52 10 86 24 6 2 31 96 22 59 11 0 
